0 2 3 6 11 14 19 7 4 8 9 19 14 14 13 10 
5 0 11 10 15 5 12 11 18 18 17 11 6 14 17 2 
17 7 0 3 1 13 14 3 10 3 4 20 18 8 13 12 
8 11 6 0 17 14 14 3 20 16 13 20 19 3 9 15 
3 16 15 15 0 20 18 10 15 13 1 7 3 10 8 7 
10 15 16 4 11 0 2 9 12 13 13 14 9 9 14 12 
5 3 14 12 4 7 0 3 6 20 14 2 8 19 19 5 
2 4 7 17 17 15 1 0 10 4 6 6 17 16 16 15 
18 6 16 19 16 10 15 4 0 2 8 1 18 11 10 9 
6 4 2 6 7 8 9 4 6 0 17 12 16 19 5 17 
5 13 12 9 8 18 12 13 13 1 0 4 1 9 15 17 
17 6 19 17 10 18 19 14 3 5 12 0 19 8 1 18 
18 10 14 20 6 5 17 20 9 2 17 18 0 12 2 5 
13 2 11 17 7 11 7 3 18 18 10 19 19 0 17 3 
10 2 6 3 20 6 13 10 4 6 9 18 12 4 0 20 
1 13 9 16 17 20 1 14 9 18 16 20 19 9 14 0 
