0 2 3 6 4 7 5 6 4 6 5 5 6 9 6 4 
3 0 6 9 7 5 3 6 7 8 8 5 6 10 6 2 
4 6 0 3 1 8 4 3 8 3 2 6 3 6 5 8 
5 5 6 0 7 10 4 3 9 7 8 6 9 3 7 6 
3 5 4 7 0 7 7 6 7 2 1 5 2 8 4 7 
7 5 10 4 6 0 2 5 7 8 7 4 8 7 5 7 
5 3 8 6 4 7 0 3 5 6 5 2 6 7 3 5 
2 4 5 7 5 8 1 0 6 4 6 3 7 8 4 6 
6 4 4 5 5 8 5 4 0 2 6 1 7 6 2 6 
6 4 2 5 3 8 5 4 6 0 4 7 5 8 5 6 
5 5 3 6 4 6 6 5 7 1 0 4 1 7 3 6 
6 3 7 4 8 7 6 7 3 5 9 0 9 5 1 5 
6 4 4 5 5 5 6 6 6 2 6 7 0 6 2 5 
4 2 7 10 7 7 4 3 8 7 8 6 8 0 7 3 
5 2 6 3 7 6 5 6 4 6 8 5 8 4 0 4 
1 3 4 7 5 8 1 4 5 7 6 3 7 8 4 0 
